{
 "cells": [
  {
   "cell_type": "markdown",
   "id": "5701bc0d-8188-41ad-8d4c-f9d36e270d42",
   "metadata": {},
   "source": [
    "### Warm up"
   ]
  },
  {
   "cell_type": "markdown",
   "id": "b6869724-0065-4d7c-b852-bfddff9dd9f3",
   "metadata": {},
   "source": [
    "Import the numpy package under the name np and the matplotlib package under the name plt."
   ]
  },
  {
   "cell_type": "code",
   "execution_count": 2,
   "id": "7315e8bd-4239-4296-8c2b-a53af736b30e",
   "metadata": {},
   "outputs": [],
   "source": [
    "#Your code here"
   ]
  },
  {
   "cell_type": "markdown",
   "id": "6ca24f44-dbc9-4b1b-b619-dd287e41c07e",
   "metadata": {},
   "source": [
    "Create a 8x4 matrix with values ranging from 0 to 31"
   ]
  },
  {
   "cell_type": "code",
   "execution_count": 3,
   "id": "0aa8a4e3-8d56-423f-9ee6-340b6a8a4504",
   "metadata": {},
   "outputs": [
    {
     "name": "stdout",
     "output_type": "stream",
     "text": [
      "[[ 0  1  2  3]\n",
      " [ 4  5  6  7]\n",
      " [ 8  9 10 11]\n",
      " [12 13 14 15]\n",
      " [16 17 18 19]\n",
      " [20 21 22 23]\n",
      " [24 25 26 27]\n",
      " [28 29 30 31]]\n"
     ]
    }
   ],
   "source": [
    "#Your code here"
   ]
  },
  {
   "cell_type": "markdown",
   "id": "b1488c26-7b31-40bc-b83b-eeaf3efd3f9f",
   "metadata": {},
   "source": [
    "Calculate the mean value per column of the matrix you obtained ."
   ]
  },
  {
   "cell_type": "code",
   "execution_count": 7,
   "id": "c2e32492-41ec-4454-b9ba-0c0fab6ede16",
   "metadata": {},
   "outputs": [
    {
     "name": "stdout",
     "output_type": "stream",
     "text": [
      "[14. 15. 16. 17.]\n"
     ]
    }
   ],
   "source": [
    "#Your code here"
   ]
  },
  {
   "cell_type": "markdown",
   "id": "4cc03923-7a02-4e10-ad10-ebf201aca9ba",
   "metadata": {},
   "source": [
    "Create a 3D NumPy array of uniformaly-distributed values between 10 and 20 and print the element at index (2, 0, 3)."
   ]
  },
  {
   "cell_type": "code",
   "execution_count": 14,
   "id": "621f8f68-9f0b-4767-9a4f-0b3cd3af32f5",
   "metadata": {},
   "outputs": [
    {
     "name": "stdout",
     "output_type": "stream",
     "text": [
      "[[[15.95737001 16.50439882 19.18081641 13.45275339]\n",
      "  [16.2361727  12.32165913 12.19254018 11.19721133]]\n",
      "\n",
      " [[14.64888672 19.93716622 11.80141626 11.27479572]\n",
      "  [17.22866173 14.15817277 18.85185298 19.16896329]]\n",
      "\n",
      " [[10.83618594 10.39339833 16.90804018 15.91397549]\n",
      "  [12.19409233 17.93444429 10.95687867 18.15772866]]]\n",
      "\n",
      "Element at index (1, 2, 3): 15.913975486327434\n"
     ]
    }
   ],
   "source": [
    "#Your code here"
   ]
  },
  {
   "cell_type": "markdown",
   "id": "6564666a-570e-425a-acbe-6a3b4ca29c9f",
   "metadata": {},
   "source": [
    "Create a 1D array containing values larger than 15 in the previous array. Hint: use fancy indexing and boolean arrays. "
   ]
  },
  {
   "cell_type": "code",
   "execution_count": 15,
   "id": "85dfd680-d669-4e54-964a-517619a49829",
   "metadata": {},
   "outputs": [
    {
     "data": {
      "text/plain": [
       "array([15.95737001, 16.50439882, 19.18081641, 16.2361727 , 19.93716622,\n",
       "       17.22866173, 18.85185298, 19.16896329, 16.90804018, 15.91397549,\n",
       "       17.93444429, 18.15772866])"
      ]
     },
     "execution_count": 15,
     "metadata": {},
     "output_type": "execute_result"
    }
   ],
   "source": [
    "#Your code here"
   ]
  },
  {
   "cell_type": "markdown",
   "id": "f4cde1ce-d473-4144-8936-81d04dc017ab",
   "metadata": {},
   "source": [
    "Perform element-wise division of arr1 and arr1, print the result and its shape."
   ]
  },
  {
   "cell_type": "code",
   "execution_count": 4,
   "id": "83a51c37-0020-450f-b8f5-ab9cda7de8f7",
   "metadata": {},
   "outputs": [],
   "source": [
    "arr1 = np.random.rand(2, 3, 4)\n",
    "arr2 = np.arange(1, 25).reshape(2, 3, 4)"
   ]
  },
  {
   "cell_type": "code",
   "execution_count": 5,
   "id": "be215cd5-b3b3-4afe-92d5-49b9bb075061",
   "metadata": {},
   "outputs": [
    {
     "name": "stdout",
     "output_type": "stream",
     "text": [
      "[[[   2.24461885    3.81277454    7.82970132    8.60487052]\n",
      "  [  11.40982485   11.09826935   11.4129458    10.4941003 ]\n",
      "  [  14.94760854   14.94588322   13.327037     21.0754099 ]]\n",
      "\n",
      " [[ 127.88408173   83.35966965  160.44805241  105.48014179]\n",
      "  [  18.10378342   23.24293234   30.50555884   27.83875308]\n",
      "  [  25.45171185   22.05766041 2120.11252357  228.08325899]]]\n",
      "(2, 3, 4)\n"
     ]
    }
   ],
   "source": [
    "#Your code here"
   ]
  },
  {
   "cell_type": "markdown",
   "id": "d0b090f5-5af5-4025-bdd9-5f10b1681424",
   "metadata": {},
   "source": [
    "### Bioinformatics challenge: the WAG protein subtitution matrix"
   ]
  },
  {
   "cell_type": "markdown",
   "id": "31efed8d-4df2-4720-8b97-42191f6cf845",
   "metadata": {},
   "source": [
    "The WAG substitution matrix combines two key elements: exchangeability parameters and amino acid frequencies. These come from a dataset of 3905 globular protein amino acid sequences.\n",
    "\n",
    "Amino acid frequencies tell us how often each amino acid appears in the sequences. Exchangeability parameters show how amino acids replace each other over time. Each row in the exchangeability parameter matrix represents the substitution rates between one amino acid and all others.\n",
    "\n",
    "These values are crucial for understanding how proteins evolve and are used in tasks like aligning sequences and studying evolutionary relationships.\n",
    "\n",
    "The order of amino acids in the exchangeability parameter matrix matches their order in the amino acid frequencies list: Ala, Arg, Asn, Asp, Cys, Gln, Glu, Gly, His, Ile, Leu, Lys, Met, Phe, Pro, Ser, Thr, Trp, Tyr, and Val.\n",
    "\n",
    "the **rate matrix Q** is based on both the exchangability parameters and amino acid frequencies, and reflects the instantaneous rate of substitution between amino acids in a continuous-time Markov process.\n",
    "\n",
    "In this exercise, we will generate the rate matrix Q based on using these exchangability parameters and frequencies.\n",
    "###\n",
    "\n",
    "The amino acid frequencies vector is given by:"
   ]
  },
  {
   "cell_type": "code",
   "execution_count": 8,
   "id": "4581a374-7fde-4b92-a602-8e0446e89841",
   "metadata": {},
   "outputs": [],
   "source": [
    "p = np.array([0.0866279, 0.043972, 0.0390894, 0.0570451, 0.0193078, 0.0367281, 0.0580589, 0.0832518, 0.0244313, 0.048466, 0.086209, 0.0620286, 0.0195027, 0.0384319, 0.0457631, 0.0695179, 0.0610127, 0.0143859, 0.0352742, 0.0708956])\n"
   ]
  },
  {
   "cell_type": "markdown",
   "id": "621ea36c-f11f-44ec-8317-dd3522603dc5",
   "metadata": {},
   "source": [
    "The exchangeability parameters are provided as a 20x20 lower triangular matrix in the file WAG.csv, with zeros in the diagonal. \n",
    "Import this file into a NumPy array named *M*. Utilize the np.loadtxt function and specify the encoding as 'utf-8-sig'. Make sure the matrix dimensions are indeed (20,20)."
   ]
  },
  {
   "cell_type": "code",
   "execution_count": 9,
   "id": "9458f411-5213-474c-acb2-1a3700901eaa",
   "metadata": {},
   "outputs": [
    {
     "name": "stdout",
     "output_type": "stream",
     "text": [
      "(20, 20)\n"
     ]
    }
   ],
   "source": [
    "#Your code here"
   ]
  },
  {
   "cell_type": "markdown",
   "id": "e88867e3-ec08-41a8-a0b6-c16620b756a7",
   "metadata": {},
   "source": [
    "Transform the lower diagonal matrix to a symmetrical matrix named S by replacing the upper triangular part, currently filled with zeros, with the symmetrical complement of the lower-dimensional matrix. Print the matrix S."
   ]
  },
  {
   "cell_type": "code",
   "execution_count": 11,
   "id": "58fa9173-3e49-4f4f-9026-497bc6476330",
   "metadata": {},
   "outputs": [
    {
     "name": "stdout",
     "output_type": "stream",
     "text": [
      "[[0.   0.55 0.51 0.74 1.03 0.91 1.58 1.42 0.32 0.19 0.4  0.91 0.89 0.21\n",
      "  1.44 3.37 2.12 0.11 0.24 2.01]\n",
      " [0.55 0.   0.64 0.15 0.53 3.04 0.44 0.58 2.14 0.19 0.5  5.35 0.68 0.1\n",
      "  0.68 1.22 0.55 1.16 0.38 0.25]\n",
      " [0.51 0.64 0.   5.43 0.27 1.54 0.95 1.13 3.96 0.55 0.13 3.01 0.2  0.1\n",
      "  0.2  3.97 2.03 0.07 1.09 0.2 ]\n",
      " [0.74 0.15 5.43 0.   0.03 0.62 6.17 0.87 0.93 0.04 0.08 0.48 0.1  0.05\n",
      "  0.42 1.07 0.37 0.13 0.33 0.15]\n",
      " [1.03 0.53 0.27 0.03 0.   0.1  0.02 0.31 0.25 0.17 0.38 0.07 0.39 0.4\n",
      "  0.11 1.41 0.51 0.72 0.54 1.  ]\n",
      " [0.91 3.04 1.54 0.62 0.1  0.   5.47 0.33 4.29 0.11 0.87 3.89 1.55 0.1\n",
      "  0.93 1.03 0.86 0.22 0.23 0.3 ]\n",
      " [1.58 0.44 0.95 6.17 0.02 5.47 0.   0.57 0.57 0.13 0.15 2.58 0.32 0.08\n",
      "  0.68 0.7  0.82 0.16 0.2  0.59]\n",
      " [1.42 0.58 1.13 0.87 0.31 0.33 0.57 0.   0.25 0.03 0.06 0.37 0.17 0.05\n",
      "  0.24 1.34 0.23 0.34 0.1  0.19]\n",
      " [0.32 2.14 3.96 0.93 0.25 4.29 0.57 0.25 0.   0.14 0.5  0.89 0.4  0.68\n",
      "  0.7  0.74 0.47 0.26 3.87 0.12]\n",
      " [0.19 0.19 0.55 0.04 0.17 0.11 0.13 0.03 0.14 0.   3.17 0.32 4.26 1.06\n",
      "  0.1  0.32 1.46 0.21 0.42 7.82]\n",
      " [0.4  0.5  0.13 0.08 0.38 0.87 0.15 0.06 0.5  3.17 0.   0.26 4.85 2.12\n",
      "  0.42 0.34 0.33 0.67 0.4  1.8 ]\n",
      " [0.91 5.35 3.01 0.48 0.07 3.89 2.58 0.37 0.89 0.32 0.26 0.   0.93 0.09\n",
      "  0.56 0.97 1.39 0.14 0.13 0.31]\n",
      " [0.89 0.68 0.2  0.1  0.39 1.55 0.32 0.17 0.4  4.26 4.85 0.93 0.   1.19\n",
      "  0.17 0.49 1.52 0.52 0.43 2.06]\n",
      " [0.21 0.1  0.1  0.05 0.4  0.1  0.08 0.05 0.68 1.06 2.12 0.09 1.19 0.\n",
      "  0.16 0.55 0.17 1.53 6.45 0.65]\n",
      " [1.44 0.68 0.2  0.42 0.11 0.93 0.68 0.24 0.7  0.1  0.42 0.56 0.17 0.16\n",
      "  0.   1.61 0.8  0.14 0.22 0.31]\n",
      " [3.37 1.22 3.97 1.07 1.41 1.03 0.7  1.34 0.74 0.32 0.34 0.97 0.49 0.55\n",
      "  1.61 0.   4.38 0.52 0.79 0.23]\n",
      " [2.12 0.55 2.03 0.37 0.51 0.86 0.82 0.23 0.47 1.46 0.33 1.39 1.52 0.17\n",
      "  0.8  4.38 0.   0.11 0.29 1.39]\n",
      " [0.11 1.16 0.07 0.13 0.72 0.22 0.16 0.34 0.26 0.21 0.67 0.14 0.52 1.53\n",
      "  0.14 0.52 0.11 0.   2.49 0.37]\n",
      " [0.24 0.38 1.09 0.33 0.54 0.23 0.2  0.1  3.87 0.42 0.4  0.13 0.43 6.45\n",
      "  0.22 0.79 0.29 2.49 0.   0.31]\n",
      " [2.01 0.25 0.2  0.15 1.   0.3  0.59 0.19 0.12 7.82 1.8  0.31 2.06 0.65\n",
      "  0.31 0.23 1.39 0.37 0.31 0.  ]]\n"
     ]
    }
   ],
   "source": [
    "#Your code here"
   ]
  },
  {
   "cell_type": "markdown",
   "id": "0f1d6e53-2109-4436-be96-728126171da6",
   "metadata": {},
   "source": [
    "Make sure the matrix you obtained is indeed symmetrical:"
   ]
  },
  {
   "cell_type": "code",
   "execution_count": 12,
   "id": "126a6526-2e22-4ac1-9a12-2eedc64783a0",
   "metadata": {},
   "outputs": [
    {
     "name": "stdout",
     "output_type": "stream",
     "text": [
      "True\n"
     ]
    }
   ],
   "source": [
    "#Your code here"
   ]
  },
  {
   "cell_type": "markdown",
   "id": "16de449b-9ae0-4f19-b342-11e9dcbfa1bb",
   "metadata": {},
   "source": [
    "Now, you should multiply each column of this symmetric matrix in its corresponding frequency.\n",
    "To achieve this:\n",
    "1. Transform the given vector of frequencies 'p' to a diagonal matrix *D* using `np.diag`.\n",
    "2. Multiply the symmetrical matrix *S* in the diagonal matrix *D* using `np.dot` and name this matric *R*.\n",
    "\n",
    "\n",
    "When you multiply a symmetric matrix 𝑆 by a diagonal matrix 𝐷 , each column of the symmetric matrix is scaled by the corresponding diagonal element of𝐷. Print the shape of the obtained matrix.\n"
   ]
  },
  {
   "cell_type": "code",
   "execution_count": 13,
   "id": "0686b4ea-17fc-4ef6-8107-3088d5ec9817",
   "metadata": {},
   "outputs": [
    {
     "data": {
      "text/plain": [
       "(20, 20)"
      ]
     },
     "execution_count": 13,
     "metadata": {},
     "output_type": "execute_result"
    }
   ],
   "source": [
    "#Your code here"
   ]
  },
  {
   "cell_type": "markdown",
   "id": "99aaa9c5-5c5f-4154-b853-5dd816e69ccc",
   "metadata": {},
   "source": [
    "Next, generate a normalized matrix named *norm_R* normalize so that the average value across the entire matrix becomes 1. Make sure the mean values across the entire matrix is indeed 1."
   ]
  },
  {
   "cell_type": "code",
   "execution_count": 14,
   "id": "4c7fd392-2a13-4613-8402-5966b73dfeda",
   "metadata": {},
   "outputs": [
    {
     "name": "stdout",
     "output_type": "stream",
     "text": [
      "1.0\n"
     ]
    }
   ],
   "source": [
    "#Your code here"
   ]
  },
  {
   "cell_type": "markdown",
   "id": "54608218-15a4-4562-887a-198540005a44",
   "metadata": {},
   "source": [
    "Remember that the diagonal values of our matrix R are currently zero. To make sure, print the diagonal values of the matrix."
   ]
  },
  {
   "cell_type": "code",
   "execution_count": 15,
   "id": "3f1b1d42-f3be-41d7-ad12-9e3d225240da",
   "metadata": {},
   "outputs": [
    {
     "data": {
      "text/plain": [
       "array([0., 0., 0., 0., 0., 0., 0., 0., 0., 0., 0., 0., 0., 0., 0., 0., 0.,\n",
       "       0., 0., 0.])"
      ]
     },
     "execution_count": 15,
     "metadata": {},
     "output_type": "execute_result"
    }
   ],
   "source": [
    "#Your code here"
   ]
  },
  {
   "cell_type": "markdown",
   "id": "e53a4d73-ca7d-4b59-8cae-3b12746775f8",
   "metadata": {},
   "source": [
    "Finally, make the sum of each row to be zero by setting the diagonal value of each row to the negative sum of the other elements in that row. Generate a new numpy array named Q where the diagonal values are adjusted accordingly."
   ]
  },
  {
   "cell_type": "code",
   "execution_count": 17,
   "id": "f692a1e2-d9b9-4436-b0f9-3f96a187cceb",
   "metadata": {},
   "outputs": [],
   "source": [
    "#Your code here"
   ]
  },
  {
   "cell_type": "markdown",
   "id": "98c805da-f752-457d-b25c-242d419cfa07",
   "metadata": {},
   "source": [
    "Each **row** in the matrix Q that you obtained represents the subtitution rates of one amino acid with the other amino acids.\n"
   ]
  }
 ],
 "metadata": {
  "kernelspec": {
   "display_name": "Python 3 (ipykernel)",
   "language": "python",
   "name": "python3"
  },
  "language_info": {
   "codemirror_mode": {
    "name": "ipython",
    "version": 3
   },
   "file_extension": ".py",
   "mimetype": "text/x-python",
   "name": "python",
   "nbconvert_exporter": "python",
   "pygments_lexer": "ipython3",
   "version": "3.11.7"
  }
 },
 "nbformat": 4,
 "nbformat_minor": 5
}
